{
    "distance_matrix": [
        [
            0,
            246,
            18405,
            2287,
            12186,
            29736,
            20151,
            26444,
            17532,
            18285,
            8372,
            14886,
            6383
        ],
        [
            246,
            0,
            18220,
            2154,
            12341,
            29711,
            20033,
            26351,
            17335,
            18381,
            8270,
            14939,
            6177
        ],
        [
            18405,
            18220,
            0,
            16190,
            21607,
            20548,
            6882,
            12978,
            1549,
            21414,
            11248,
            17167,
            12128
        ],
        [
            2287,
            2154,
            16190,
            0,
            11756,
            27766,
            17879,
            24221,
            15368,
            17178,
            6133,
            13445,
            4349
        ],
        [
            12186,
            12341,
            21607,
            11756,
            0,
            22685,
            19143,
            23065,
            21609,
            7375,
            11329,
            6713,
            14327
        ],
        [
            29736,
            29711,
            20548,
            27766,
            22685,
            0,
            13704,
            8593,
            21941,
            16183,
            22012,
            16241,
            26242
        ],
        [
            20151,
            20033,
            6882,
            17879,
            19143,
            13704,
            0,
            6862,
            8239,
            16782,
            11809,
            13248,
            14850
        ],
        [
            26444,
            26351,
            12978,
            24221,
            23065,
            8593,
            6862,
            0,
            14494,
            18601,
            18088,
            16441,
            21545
        ],
        [
            17532,
            17335,
            1549,
            15368,
            21609,
            21941,
            8239,
            14494,
            0,
            21936,
            10845,
            17582,
            11178
        ],
        [
            18285,
            18381,
            21414,
            17178,
            7375,
            16183,
            16782,
            18601,
            21936,
            0,
            14095,
            4529,
            18284
        ],
        [
            8372,
            8270,
            11248,
            6133,
            11329,
            22012,
            11809,
            18088,
            10845,
            14095,
            0,
            9673,
            4511
        ],
        [
            14886,
            14939,
            17167,
            13445,
            6713,
            16241,
            13248,
            16441,
            17582,
            4529,
            9673,
            0,
            13994
        ],
        [
            6383,
            6177,
            12128,
            4349,
            14327,
            26242,
            14850,
            21545,
            11178,
            18284,
            4511,
            13994,
            0
        ]
    ],
    "duration_matrix": [
        [
            0,
            246,
            18405,
            2287,
            12186,
            29736,
            20151,
            26444,
            17532,
            18285,
            8372,
            14886,
            6383
        ],
        [
            246,
            0,
            18220,
            2154,
            12341,
            29711,
            20033,
            26351,
            17335,
            18381,
            8270,
            14939,
            6177
        ],
        [
            18405,
            18220,
            0,
            16190,
            21607,
            20548,
            6882,
            12978,
            1549,
            21414,
            11248,
            17167,
            12128
        ],
        [
            2287,
            2154,
            16190,
            0,
            11756,
            27766,
            17879,
            24221,
            15368,
            17178,
            6133,
            13445,
            4349
        ],
        [
            12186,
            12341,
            21607,
            11756,
            0,
            22685,
            19143,
            23065,
            21609,
            7375,
            11329,
            6713,
            14327
        ],
        [
            29736,
            29711,
            20548,
            27766,
            22685,
            0,
            13704,
            8593,
            21941,
            16183,
            22012,
            16241,
            26242
        ],
        [
            20151,
            20033,
            6882,
            17879,
            19143,
            13704,
            0,
            6862,
            8239,
            16782,
            11809,
            13248,
            14850
        ],
        [
            26444,
            26351,
            12978,
            24221,
            23065,
            8593,
            6862,
            0,
            14494,
            18601,
            18088,
            16441,
            21545
        ],
        [
            17532,
            17335,
            1549,
            15368,
            21609,
            21941,
            8239,
            14494,
            0,
            21936,
            10845,
            17582,
            11178
        ],
        [
            18285,
            18381,
            21414,
            17178,
            7375,
            16183,
            16782,
            18601,
            21936,
            0,
            14095,
            4529,
            18284
        ],
        [
            8372,
            8270,
            11248,
            6133,
            11329,
            22012,
            11809,
            18088,
            10845,
            14095,
            0,
            9673,
            4511
        ],
        [
            14886,
            14939,
            17167,
            13445,
            6713,
            16241,
            13248,
            16441,
            17582,
            4529,
            9673,
            0,
            13994
        ],
        [
            6383,
            6177,
            12128,
            4349,
            14327,
            26242,
            14850,
            21545,
            11178,
            18284,
            4511,
            13994,
            0
        ]
    ],
    "working_times": [
        10800,
        10800,
        10800,
        10800,
        10800,
        10800,
        10800,
        10800,
        10800,
        10800,
        10800,
        10800,
        10800
    ],
    "time_windows": [
        [
            [
                1735722000,
                1735754400
            ],
            [
                1735808400,
                1735840800
            ],
            [
                1735894800,
                1735927200
            ],
            [
                1735981200,
                1736013600
            ]
        ],
        [
            [
                1735808400,
                1735840800
            ],
            [
                1735894800,
                1735927200
            ],
            [
                1735981200,
                1736013600
            ],
            [
                1736067600,
                1736100000
            ]
        ],
        [
            [
                1735894800,
                1735927200
            ],
            [
                1735981200,
                1736013600
            ],
            [
                1736067600,
                1736100000
            ],
            [
                1736154000,
                1736186400
            ]
        ],
        [
            [
                1735981200,
                1736013600
            ],
            [
                1736067600,
                1736100000
            ],
            [
                1736154000,
                1736186400
            ],
            [
                1736240400,
                1736272800
            ]
        ],
        [
            [
                1736154000,
                1736186400
            ],
            [
                1736240400,
                1736272800
            ],
            [
                1736326800,
                1736359200
            ],
            [
                1736413200,
                1736445600
            ]
        ],
        [
            [
                1736240400,
                1736272800
            ],
            [
                1736326800,
                1736359200
            ],
            [
                1736413200,
                1736445600
            ],
            [
                1736499600,
                1736532000
            ]
        ],
        [
            [
                1736326800,
                1736359200
            ],
            [
                1736413200,
                1736445600
            ],
            [
                1736499600,
                1736532000
            ]
        ],
        [
            [
                1736413200,
                1736445600
            ],
            [
                1736499600,
                1736532000
            ]
        ],
        [
            [
                1736413200,
                1736445600
            ],
            [
                1736499600,
                1736532000
            ]
        ],
        [
            [
                1736413200,
                1736445600
            ],
            [
                1736499600,
                1736532000
            ]
        ],
        [
            [
                1735722000,
                1735754400
            ],
            [
                1735808400,
                1735840800
            ],
            [
                1736154000,
                1736186400
            ],
            [
                1736240400,
                1736272800
            ],
            [
                1736326800,
                1736359200
            ],
            [
                1736413200,
                1736445600
            ],
            [
                1736499600,
                1736532000
            ]
        ],
        [
            [
                1735722000,
                1735754400
            ],
            [
                1735808400,
                1735840800
            ],
            [
                1735894800,
                1735927200
            ],
            [
                1735981200,
                1736013600
            ],
            [
                1736326800,
                1736359200
            ],
            [
                1736413200,
                1736445600
            ],
            [
                1736499600,
                1736532000
            ]
        ],
        [
            [
                1735722000,
                1735754400
            ],
            [
                1735808400,
                1735840800
            ],
            [
                1735894800,
                1735927200
            ],
            [
                1735981200,
                1736013600
            ],
            [
                1736067600,
                1736100000
            ],
            [
                1736154000,
                1736186400
            ],
            [
                1736499600,
                1736532000
            ]
        ]
    ],
    "operation_times": [
        28800,
        72000
    ],
    "time_limit": 1,
    "working_days": null,
    "travel_duration_until_break": null,
    "break_duration": null,
    "init_route": null
}